1.988728 48.631407 48.001882 41.947641 26.314480 2.326722 0.249767 0.251617 0.249995 0.002925 80.098196 10.000447 5.740404 3.527429 3.532797 0.050970 0.171987 0.170996 0.906858 0.906448 -0.000439 0.004382 20.198213 39.794137 1.428054 0.001725 30.003274 20.268703 2.860340 16.967270 0.038073 0.101629 0.609812 0.906534 -0.000010 -0.146961 -0.000003 0.000011 1
2.005811 48.624322 47.996218 41.948078 26.331543 2.328721 0.250163 0.248860 0.249997 0.001981 79.952739 10.007947 5.738466 3.526654 3.545155 0.078559 0.172952 0.172420 0.906576 0.904594 0.000163 -0.000551 19.835977 40.566051 1.427984 0.003127 30.212167 20.076618 2.838312 17.121692 0.037528 0.101739 0.609840 0.906484 -0.000061 -0.154326 -0.000002 0.000006 1
1.988050 48.626732 48.019229 41.941253 26.317193 2.327348 0.249958 0.250341 0.250001 0.004320 80.163482 10.002867 5.724854 3.525954 3.538255 0.062509 0.170023 0.172315 0.906605 0.908172 0.001184 0.004687 20.169748 39.315917 1.428284 0.001279 29.917421 20.140090 2.801422 17.016451 0.004131 0.101647 0.609901 0.906559 -0.000116 -0.161212 -0.000002 -0.000001 1
1.986069 48.619748 47.990964 41.946026 26.348193 2.328268 0.249833 0.246053 0.249999 0.001823 80.102827 10.014108 5.746440 3.529924 3.524093 0.072606 0.171619 0.170172 0.906915 0.904990 0.000445 -0.000002 20.176709 41.803303 1.428693 -0.000213 29.948490 20.076053 2.851929 17.304666 0.017383 0.101631 0.609851 0.906537 -0.000156 -0.167502 0.000003 -0.000003 1
2.002074 48.617174 48.002267 41.953625 26.324890 2.328653 0.250087 0.251387 0.249998 -0.002495 80.124358 10.003058 5.731339 3.548370 3.522163 0.063582 0.169977 0.171199 0.906432 0.905451 -0.001399 -0.001085 20.066295 39.864898 1.429801 0.000430 30.001843 19.850858 2.827344 17.190421 0.026643 0.101688 0.609870 0.906548 -0.000207 -0.173514 -0.000017 0.000009 1
2.009056 48.633871 48.005429 41.966950 26.323644 2.328476 0.249860 0.250783 0.250002 -0.002333 79.874038 10.004118 5.746999 3.534097 3.527312 0.076622 0.170718 0.171107 0.906287 0.906534 0.001703 0.001846 19.578912 40.014265 1.429153 0.001275 29.777222 20.074143 2.830309 17.000369 0.003419 0.101565 0.609824 0.906524 -0.000263 -0.180525 -0.000004 0.000015 1
1.992938 48.622559 47.997172 41.946960 26.326217 2.329450 0.249938 0.250762 0.249998 -0.000433 80.156802 10.005961 5.740847 3.519924 3.527773 0.068417 0.170998 0.171747 0.906437 0.909984 -0.001320 0.001730 20.052319 39.389164 1.428028 0.002588 29.805239 20.128400 2.830168 17.547020 0.012003 0.101646 0.609812 0.906395 -0.000306 -0.187052 -0.000000 0.000005 1
1.998503 48.635094 48.007653 41.949297 26.336256 2.328731 0.250088 0.252104 0.249999 0.001457 80.115591 10.029108 5.743372 3.541948 3.548982 0.048200 0.170686 0.172596 0.906929 0.903325 0.002168 0.001153 19.751586 40.862793 1.429127 0.000420 29.916754 20.202826 2.813431 17.160609 -0.001861 0.101644 0.609805 0.906556 -0.000354 -0.194043 -0.000003 0.000008 1
1.997552 48.609845 47.998940 41.952385 26.343954 2.329120 0.250190 0.250675 0.250000 0.000424 80.269620 9.993957 5.737589 3.529523 3.536502 0.071120 0.172745 0.173545 0.906313 0.906446 -0.002314 0.000542 20.183465 39.965865 1.430463 0.001253 30.134356 20.053046 2.836875 17.180358 -0.012075 0.101693 0.609797 0.906505 -0.000400 -0.200940 0.000001 0.000002 1
1.995295 48.619176 47.989902 41.949319 26.323779 2.327980 0.250022 0.248727 0.249998 -0.000925 79.915601 9.990860 5.744446 3.536188 3.525871 0.055942 0.172041 0.169862 0.906314 0.906144 0.001756 0.000543 20.215018 38.884463 1.428559 0.000625 30.154482 19.969518 2.835475 17.089765 0.011206 0.101752 0.609770 0.906577 -0.000463 -0.207444 -0.000000 0.000005 1
1.979733 48.622214 48.002250 41.945856 26.321858 2.326245 0.250117 0.250791 0.249999 -0.001155 79.787713 10.019271 5.744948 3.527518 3.558178 0.063943 0.171578 0.170320 0.906192 0.906283 0.000735 -0.004611 19.882790 39.903025 1.429807 0.002082 29.841266 19.797159 2.852440 17.354155 0.011463 0.101758 0.609806 0.906568 -0.000504 -0.214000 -0.000005 -0.000008 1
1.989496 48.626057 48.021535 41.949074 26.319673 2.326598 0.250206 0.247506 0.250001 0.000545 80.075722 9.986579 5.736174 3.541829 3.505583 0.062911 0.172246 0.171358 0.906878 0.905948 -0.000760 0.002333 19.811986 40.564176 1.430572 0.000593 29.944227 19.759564 2.837970 16.737618 0.030970 0.101639 0.609878 0.906503 -0.000560 -0.220602 -0.000006 0.000010 1
1.993649 48.611282 48.004953 41.961365 26.341114 2.327831 0.250122 0.248544 0.249999 -0.002271 80.232672 10.010988 5.728270 3.537170 3.534935 0.079977 0.170879 0.170635 0.906579 0.908064 0.000143 -0.001477 19.888443 41.737647 1.429616 0.001203 29.734211 19.909035 2.799388 17.496139 0.022574 0.101642 0.609834 0.906550 -0.000605 -0.227961 -0.000002 0.000008 1
2.014700 48.632433 47.998501 41.953050 26.321969 2.328133 0.249773 0.245559 0.250000 -0.001169 79.963873 10.000294 5.739265 3.541782 3.544203 0.064315 0.170636 0.169820 0.906463 0.903590 0.004125 0.000821 20.261555 40.088450 1.430094 0.001672 29.796310 20.062441 2.836581 17.166008 0.050247 0.101588 0.609798 0.906581 -0.000647 -0.234699 -0.000009 0.000006 1
2.013332 48.616674 48.015332 41.943036 26.333707 2.327957 0.249682 0.250634 0.249999 0.000375 79.916017 10.010603 5.751751 3.528582 3.528866 0.044201 0.169550 0.172153 0.906459 0.902500 0.001957 0.002839 19.937650 40.730221 1.430054 0.002401 29.990017 20.060034 2.805626 17.109419 0.036448 0.101790 0.609898 0.906573 -0.000703 -0.241442 -0.000005 0.000011 1
1.999267 48.619347 48.011623 41.960341 26.323939 2.327301 0.249848 0.250544 0.249999 0.001779 79.822784 9.996125 5.735953 3.533907 3.541771 0.064626 0.169980 0.169149 0.907234 0.905611 -0.000398 0.002581 20.057571 39.607080 1.429394 0.003056 30.134515 19.878050 2.864881 17.059661 0.007380 0.101682 0.609969 0.906464 -0.000748 -0.249160 0.000005 0.000006 1
1.993526 48.628743 47.994895 41.953985 26.319314 2.329137 0.250108 0.250172 0.250000 0.001639 79.867334 9.994945 5.767164 3.537132 3.528211 0.082004 0.168416 0.172101 0.906559 0.905951 0.002945 -0.003723 20.262465 39.445413 1.429475 0.002239 30.055107 19.860692 2.840255 16.785440 0.011635 0.101637 0.609823 0.906532 -0.000806 -0.255158 -0.000003 0.000004 1
1.996230 48.624301 47.995145 41.970339 26.324398 2.328112 0.249968 0.246929 0.249999 -0.004830 80.093889 9.991487 5.741864 3.521465 3.531994 0.070936 0.170964 0.170306 0.906567 0.905824 -0.002445 -0.001627 20.198023 40.809208 1.429190 0.000601 30.002491 20.105478 2.802570 17.213866 0.021415 0.101678 0.609809 0.906423 -0.000852 -0.260722 -0.000003 -0.000002 1
1.999485 48.619329 48.000718 41.949301 26.322568 2.328437 0.250055 0.248821 0.249999 0.002217 80.157956 9.988716 5.735702 3.514394 3.544966 0.082541 0.172229 0.169341 0.907137 0.907195 -0.000905 -0.000887 19.777574 39.847532 1.429222 0.003684 30.173901 20.166033 2.795503 17.148784 0.034103 0.101642 0.609824 0.906548 -0.000899 -0.268619 0.000008 0.000000 1
1.990976 48.627458 48.016882 41.970992 26.314087 2.329490 0.249391 0.249425 0.250001 0.001644 79.767609 9.991511 5.735296 3.539270 3.530813 0.056647 0.170069 0.170757 0.906152 0.908598 0.001804 0.003291 19.907731 38.739584 1.428874 0.002130 30.016919 20.066906 2.816207 16.877924 0.042954 0.101674 0.609914 0.906530 -0.000949 -0.275254 -0.000003 0.000009 1
1.993771 48.630372 48.012215 41.960540 26.336273 2.326284 0.250346 0.250450 0.249998 -0.001850 79.792788 9.995070 5.739326 3.522020 3.527890 0.068357 0.172665 0.171438 0.906329 0.906173 0.004728 -0.003531 20.074930 39.589723 1.427889 0.001342 30.194159 19.973404 2.858337 17.301260 0.026130 0.101730 0.609776 0.906560 -0.000995 -0.282537 -0.000000 0.000012 1
1.978493 48.621971 48.006804 41.941727 26.325708 2.327479 0.250038 0.250851 0.250001 0.000419 79.829370 10.016060 5.749062 3.526825 3.535177 0.060520 0.170468 0.170285 0.906870 0.905293 -0.002400 -0.002475 19.688131 43.078158 1.431429 0.002455 29.804692 19.875948 2.802132 17.104336 0.034071 0.101595 0.609844 0.906514 -0.001050 -0.289275 -0.000005 0.000007 1
1.999071 48.632640 48.019693 41.948145 26.329168 2.329868 0.250082 0.253794 0.249997 0.000479 79.940312 10.007271 5.757884 3.528981 3.522231 0.070655 0.171350 0.171875 0.906627 0.905561 -0.004185 0.002992 19.939347 40.209111 1.428076 0.001078 29.977332 20.248363 2.854672 16.953693 0.027424 0.101676 0.609946 0.906547 -0.001098 -0.295126 -0.000005 0.000005 1
1.984948 48.619271 48.001335 41.951746 26.322293 2.327901 0.250010 0.252787 0.249995 0.002242 80.188216 10.003769 5.756268 3.533788 3.535954 0.066573 0.172263 0.170540 0.905968 0.908105 0.002488 -0.001771 20.176511 40.434714 1.427142 0.002186 30.137671 20.091399 2.780889 17.146232 0.034684 0.101639 0.609866 0.906595 -0.001141 -0.302845 -0.000007 -0.000000 1
2.003914 48.620104 48.001970 41.944967 26.327998 2.329372 0.250313 0.248303 0.250003 0.001274 80.289629 10.009755 5.749146 3.533613 3.527359 0.080081 0.172195 0.171308 0.906879 0.910129 0.000111 -0.001442 20.206751 39.913573 1.430190 0.001591 29.982882 20.065156 2.811695 17.095637 0.023804 0.101762 0.609893 0.906563 -0.001199 -0.309123 -0.000005 0.000007 1
2.014112 48.625394 47.999355 41.950420 26.342963 2.327828 0.250082 0.250452 0.250000 0.003854 80.165826 10.007161 5.738212 3.533064 3.543629 0.048142 0.169583 0.169689 0.906869 0.910054 -0.003017 0.000327 20.065705 41.481576 1.429910 0.001465 29.753988 19.929062 2.824368 17.373406 0.017821 0.101637 0.609812 0.906632 -0.001245 -0.315573 -0.000000 0.000010 1
2.009592 48.629504 47.982292 41.944657 26.332209 2.328779 0.249949 0.247086 0.250000 -0.002194 79.973231 10.003136 5.731873 3.539773 3.531608 0.068285 0.169717 0.170799 0.906299 0.903374 -0.001888 0.001499 20.064685 40.291758 1.429493 0.002874 29.902203 19.985377 2.831407 16.984937 0.010114 0.101752 0.609823 0.906594 -0.001289 -0.322687 -0.000013 0.000004 1
1.998088 48.644313 47.999806 41.964394 26.338907 2.328524 0.249969 0.248904 0.250002 -0.001104 80.121644 10.005744 5.750738 3.542268 3.530214 0.080082 0.171978 0.171023 0.906808 0.907045 0.000662 0.001642 19.886380 39.432260 1.428917 0.001130 30.014158 20.021876 2.814004 17.515239 0.017872 0.101584 0.609869 0.906511 -0.001344 -0.330174 -0.000004 0.000003 1
1.994439 48.628803 48.005737 41.944034 26.334879 2.326136 0.249787 0.249226 0.250000 -0.000339 79.867851 10.004033 5.742604 3.518182 3.533359 0.071215 0.171413 0.172211 0.906006 0.905777 -0.000585 0.000052 20.250856 39.650198 1.428426 0.003009 29.656317 19.781175 2.821757 17.127911 0.010524 0.101623 0.609828 0.906643 -0.001392 -0.336982 -0.000002 0.000008 1
1.991970 48.635208 47.992162 41.948854 26.324598 2.326772 0.250053 0.248307 0.249997 0.000070 80.059693 10.004040 5.766871 3.518367 3.542210 0.070228 0.170459 0.169947 0.906994 0.905943 -0.000628 0.002501 19.951800 42.424018 1.430318 0.001333 30.129929 20.157374 2.836245 16.968743 0.020351 0.101604 0.609841 0.906465 -0.001439 -0.344010 0.000004 0.000004 1
2.003008 48.624407 47.977709 41.957301 26.346661 2.326630 0.249825 0.248016 0.249996 -0.002986 79.954395 9.990438 5.740605 3.533765 3.525510 0.066833 0.171803 0.170400 0.906118 0.908455 0.001771 0.000185 20.093103 39.605017 1.430024 0.002341 30.224553 20.129559 2.804020 17.349599 0.017435 0.101616 0.609917 0.906608 -0.001489 -0.351340 0.000001 0.000001 1
2.008317 48.629687 48.014808 41.956593 26.313598 2.327736 0.249765 0.249860 0.249997 -0.002450 80.144798 9.996353 5.727233 3.537593 3.536606 0.069645 0.171853 0.172644 0.906421 0.908140 -0.000607 0.000759 20.029075 38.497239 1.429470 0.001871 29.810586 20.055927 2.785446 16.979839 0.019814 0.101610 0.609751 0.906521 -0.001532 -0.356977 -0.000008 0.000008 1
1.998544 48.638454 48.017725 41.964760 26.334061 2.329261 0.249844 0.253743 0.249999 -0.002628 79.961624 9.976646 5.727124 3.539942 3.532538 0.047164 0.172975 0.169454 0.906566 0.901281 -0.001312 -0.001811 19.959125 40.407535 1.428218 0.002123 30.155693 20.079597 2.824246 17.055171 0.013511 0.101707 0.609864 0.906561 -0.001592 -0.363115 0.000003 0.000001 1
2.000889 48.611715 48.001766 41.952264 26.309203 2.326968 0.250237 0.246995 0.249998 0.000793 79.834357 9.991967 5.750664 3.521395 3.523073 0.077518 0.170137 0.171302 0.906372 0.904376 0.002045 0.005075 20.019213 40.573394 1.430225 0.001047 29.942691 20.079830 2.826917 16.984007 0.004868 0.101699 0.609875 0.906610 -0.001622 -0.369783 0.000003 0.000008 1
1.995431 48.625431 48.005476 41.958560 26.332821 2.327776 0.249907 0.252426 0.249998 0.002727 79.968704 10.012614 5.741166 3.549567 3.530877 0.086673 0.171861 0.172377 0.906211 0.909908 -0.003536 -0.000861 19.994528 40.792457 1.429256 0.001228 30.100903 20.054243 2.801729 17.233395 0.019241 0.101662 0.609845 0.906586 -0.001685 -0.376638 -0.000003 0.000009 1
1.990498 48.612012 48.001673 41.955013 26.318278 2.327231 0.249855 0.250934 0.249998 -0.002141 79.853785 10.005074 5.747091 3.535830 3.544126 0.075532 0.171609 0.171683 0.906122 0.905636 0.003065 -0.000551 20.137608 38.615437 1.430227 0.001675 30.079212 19.917049 2.846298 17.181166 0.023944 0.101652 0.609816 0.906583 -0.001733 -0.383636 -0.000003 0.000009 1
1.998348 48.624508 48.023394 41.976482 26.301378 2.328569 0.249900 0.251907 0.249998 0.005987 80.252818 10.003582 5.734233 3.529379 3.537008 0.061244 0.172046 0.171358 0.906524 0.906959 0.003007 -0.000902 19.826490 38.467338 1.429642 0.002435 29.814469 20.053441 2.814518 17.256369 0.066365 0.101621 0.609826 0.906534 -0.001781 -0.390542 -0.000001 0.000009 1
2.016627 48.631017 47.983229 41.966970 26.311598 2.329175 0.250066 0.250285 0.249996 0.001138 80.132660 10.002112 5.735478 3.531168 3.551560 0.053731 0.171973 0.170380 0.906405 0.903819 0.000113 0.001210 20.315699 40.242526 1.429193 0.000199 30.017591 19.967699 2.838219 17.185441 0.015025 0.101664 0.609816 0.906530 -0.001832 -0.396590 -0.000006 0.000000 1
1.993942 48.627884 47.996843 41.957017 26.334521 2.327096 0.249848 0.247195 0.250000 -0.000743 79.729434 9.994705 5.760268 3.520660 3.547831 0.070119 0.171490 0.170793 0.906768 0.903220 -0.001706 -0.001301 20.188263 39.656186 1.428968 0.002587 29.898367 19.956657 2.811578 17.267652 0.043435 0.101715 0.609866 0.906540 -0.001882 -0.403843 0.000000 -0.000006 1
1.984040 48.622604 48.000328 41.955587 26.322757 2.328888 0.249900 0.249803 0.249998 -0.003704 79.812923 9.993167 5.726836 3.530171 3.541147 0.056241 0.171446 0.169526 0.906877 0.907935 -0.002691 0.001742 19.694396 39.054859 1.428477 0.001509 30.264329 20.123578 2.822032 17.386656 0.025315 0.101658 0.609922 0.906499 -0.001930 -0.411077 -0.000010 0.000001 1
2.004110 48.621734 47.961161 43.282537 27.168351 2.326884 0.249969 0.255685 0.253940 -0.000727 88.464332 10.001346 5.056269 4.100368 4.096346 0.076080 0.199259 0.198254 0.978381 0.975820 0.000269 0.002261 20.273759 45.564952 1.467481 0.002528 29.719117 19.944117 2.398633 17.415059 0.025344 0.117340 1.000053 1.000036 0.350318 -0.452284 -0.032490 -0.000000 5_
2.007723 48.613786 47.965860 43.283464 27.151868 2.328657 0.249911 0.255505 0.253943 -0.001011 102.319482 9.998502 5.046061 4.071648 4.075764 0.072633 0.197896 0.198411 0.978517 0.973448 0.000568 -0.000111 20.088830 53.579655 1.514488 0.001926 29.934655 20.100124 1.821053 17.623866 0.028549 0.117230 0.999991 1.000038 0.744456 -0.667617 -0.032498 0.000010 5_
1.998608 48.615600 47.958478 43.271391 27.175453 2.325868 0.250335 0.251087 0.253938 0.001209 119.281908 9.997680 5.042274 4.080219 4.085416 0.093084 0.196743 0.197680 0.978723 0.973442 -0.000414 0.004838 19.683247 68.044336 1.554335 0.005923 29.706768 20.208780 1.315408 18.464014 0.032472 0.117335 0.999916 0.999973 1.138628 -1.149516 -0.032493 0.000004 5_
2.006510 49.007681 48.993216 0.016356 0.009691 2.375280 -0.000150 -0.000378 0.001651 0.003335 24.149821 9.992979 9.993814 0.009594 0.012556 0.005890 -0.000627 0.000819 0.948618 0.001919 -0.003387 -0.000226 19.879450 23.740148 -0.000428 -0.000017 29.878963 19.983454 0.039710 19.033411 0.056889 0.000218 0.390518 -0.000019 1.424889 -1.472551 -4.401092 0.000025 5_
2.003652 49.000184 49.008860 0.009590 0.010602 2.376184 0.000342 0.004362 0.001653 -0.002423 19.985116 10.000770 10.002116 -0.002945 -0.008897 0.003676 -0.000312 0.000407 0.948840 0.003915 0.000959 0.000402 19.847426 21.319327 -0.000391 -0.003316 29.899467 19.991421 0.008736 18.004123 0.048931 0.000231 0.390627 0.000009 1.616073 -1.469545 -4.401081 0.000035 5_
1.995873 48.995813 48.995597 -0.000393 -0.001052 2.374954 -0.000213 0.002315 0.001649 -0.002041 20.073823 9.990896 9.997275 -0.004889 0.007309 -0.005222 -0.000671 -0.000538 0.948375 0.003282 -0.003630 -0.000978 20.050807 22.061051 -0.000734 -0.001233 30.069078 20.023802 -0.008353 16.603634 0.080500 0.000218 0.390571 -0.000022 1.807247 -1.465867 -4.401086 0.000020 5_
2.000436 48.988622 49.006336 0.015564 0.002457 2.375735 -0.000294 0.003245 0.001649 0.000333 20.090283 10.013133 9.997473 0.001247 0.004249 -0.012316 -0.000007 0.000246 0.948415 -0.001590 -0.002540 -0.000152 19.829838 19.973137 -0.001032 0.003111 30.048259 19.827118 0.006620 15.638786 0.059176 0.000253 0.390584 -0.000012 1.998415 -1.462862 -4.401090 0.000027 5_
1.990550 49.006083 48.999714 0.008384 -0.009773 2.375424 -0.000213 0.000657 0.001654 0.001529 20.158545 10.009662 9.993590 0.006105 -0.022543 0.006393 -0.000663 0.001849 0.948255 -0.002254 -0.001028 -0.001160 19.873646 19.626332 0.000852 0.000457 30.057935 20.096441 -0.009184 15.026015 0.025567 0.000218 0.390552 -0.000038 2.189580 -1.459666 -4.401092 0.000029 5_
2.001945 49.006841 49.013092 0.006008 -0.003087 2.376349 -0.000271 0.001574 0.001652 -0.000324 19.974137 10.007083 9.999444 0.005257 0.006680 0.003447 -0.000569 -0.000742 0.948301 0.002105 -0.004179 -0.000285 19.806783 18.551093 0.000638 0.000177 29.864616 19.795725 -0.000986 13.999402 0.057564 0.000210 0.390480 0.000025 2.380768 -1.456458 -4.401086 0.000034 5_
1.998638 48.995635 48.999365 -0.008392 0.014413 2.377372 0.000049 0.003867 0.001650 0.000300 20.045109 9.998370 9.997443 -0.017348 0.004454 -0.020458 -0.000099 0.000406 0.948469 -0.001669 -0.002236 0.000641 19.873671 20.551641 -0.001752 -0.001182 29.930876 19.840891 -0.023816 13.290918 0.045291 0.000192 0.390514 0.000042 2.571944 -1.452400 -4.401100 0.000031 5_
2.005796 48.993774 48.993823 0.005951 0.020373 2.375145 0.000184 0.001443 0.001651 -0.000839 20.068347 9.993101 10.006251 0.004587 0.003582 -0.009599 -0.001402 -0.000432 0.948609 0.000543 0.001541 0.001879 19.895385 20.868448 -0.000111 0.002272 29.814063 20.115600 0.032114 12.369073 0.026968 0.000329 0.390538 -0.000013 2.763113 -1.451014 -4.401091 0.000033 5_
2.002147 48.995833 48.981027 0.002063 0.014765 2.377494 0.000026 0.002670 0.001652 -0.002556 19.962944 9.987334 10.003723 0.024449 0.003093 0.001411 0.000329 0.001556 0.948361 0.000874 0.000868 0.002091 20.102997 21.411166 -0.000462 0.000262 30.057261 19.993815 0.018985 11.760917 0.022670 0.000294 0.390629 0.000020 2.954278 -1.446019 -4.401089 0.000026 5_
2.010965 49.002831 48.984359 -0.004456 -0.007127 2.376560 -0.000081 -0.000752 0.001649 -0.000958 20.038483 10.003340 9.997904 -0.004138 -0.006777 0.000162 0.000524 -0.000492 0.948785 0.001966 0.001205 0.002153 19.812648 19.492264 0.002334 -0.000125 29.840857 20.026297 0.021712 11.025139 0.019997 0.000266 0.390538 0.000053 3.145453 -1.442843 -4.401090 0.000029 5_
2.000134 48.997759 48.996580 0.015372 -0.007595 2.376969 -0.000383 0.002949 0.001650 0.000214 19.856139 9.996610 9.994827 -0.002997 -0.012832 -0.001991 0.001099 0.000306 0.948766 -0.001127 0.001112 0.000842 20.202208 21.114360 -0.001378 0.000049 29.814554 19.753103 -0.003136 10.328226 0.036506 0.000254 0.390560 -0.000034 3.336634 -1.439163 -4.401097 0.000029 5_
1.985850 48.989855 49.001601 0.009469 0.016015 2.374923 -0.000009 0.002678 0.001652 0.001438 19.845912 10.001794 9.994674 -0.002193 -0.017429 0.006663 -0.000578 0.000329 0.947990 0.002791 -0.000001 -0.000830 19.610921 18.993831 -0.000108 0.000677 29.908913 19.987037 0.006539 9.397140 0.040856 0.000222 0.390642 -0.000035 3.527803 -1.435542 -4.401091 0.000035 5_
1.998749 48.988600 49.005985 0.021797 0.002797 2.375627 0.000057 0.004665 0.001649 0.000093 19.948259 9.998024 10.005161 0.005329 -0.008623 -0.008759 0.000236 0.002378 0.948010 0.001988 0.000183 0.000249 19.850056 20.909219 -0.000699 -0.000782 29.821819 19.928745 0.017920 8.893067 0.015302 0.000134 0.390510 0.000019 3.718984 -1.431957 -4.401084 0.000022 5_
2.004185 49.005781 49.000171 0.004548 0.005223 2.377291 0.000133 0.005504 0.001648 0.001074 19.798784 10.012815 10.007389 -0.006661 0.002450 -0.007168 -0.001099 -0.000761 0.947982 0.004747 0.001897 -0.001411 19.781681 19.504275 -0.001632 0.001267 30.082296 19.705207 -0.002763 8.634714 0.002924 0.000229 0.390587 -0.000015 3.910143 -1.427851 -4.401087 0.000034 5_
2.001483 49.001774 49.004902 -0.006200 -0.003801 2.375567 -0.000133 0.002341 0.001651 -0.001396 20.284857 9.994657 10.005836 0.012109 0.015403 -0.001226 0.000992 -0.000065 0.948268 -0.000403 -0.001240 0.003976 20.134986 19.414619 -0.000985 0.001117 30.012221 19.877307 -0.010172 7.834685 -0.002283 0.000183 0.390618 -0.000041 4.101327 -1.424773 -4.401088 0.000027 5_
2.005358 49.001103 48.987008 0.022022 -0.023455 2.375613 -0.000025 -0.000456 0.001652 0.002692 19.956865 10.013599 9.978199 0.009518 -0.016939 -0.011348 0.002899 0.000003 0.948897 0.000695 0.000096 -0.003488 20.049483 18.297743 0.000686 -0.000731 30.003093 19.938498 0.020627 7.245777 0.040346 0.000249 0.390605 0.000025 4.292492 -1.420769 -4.401093 0.000025 5_
2.009948 48.994333 49.000678 0.030108 0.003996 2.375973 -0.000220 0.002357 0.001645 0.003255 20.019949 10.003112 10.013549 -0.007709 0.003144 -0.003037 0.000034 0.001056 0.948408 0.002161 -0.000590 -0.001937 20.179103 18.837033 -0.001858 0.000414 30.071253 19.974378 -0.016152 7.073307 0.029908 0.000261 0.390547 0.000012 4.483674 -1.416475 -4.401090 0.000027 5_
1.997738 49.005527 48.996344 0.001004 0.001067 2.376247 0.000136 0.003695 0.001650 -0.003005 19.894279 9.998782 10.003735 -0.000155 0.013682 -0.001598 -0.000204 -0.001487 0.948605 0.002721 0.004024 -0.001872 20.077233 20.717164 -0.001435 0.000728 29.837749 19.604099 0.001053 6.293453 0.057077 0.000193 0.390654 -0.000092 4.674841 -1.413217 -4.401096 0.000030 5_
2.007951 49.007322 48.992789 0.004009 -0.000079 2.376447 0.000169 0.003860 0.001654 0.002971 20.029537 9.999129 10.009169 -0.007546 -0.017378 0.002159 -0.000186 0.000062 0.948279 0.001915 0.000420 -0.000219 19.961100 17.197235 0.001151 -0.000464 30.136061 19.983806 -0.014857 6.048481 0.035880 0.000267 0.390535 0.000043 4.866020 -1.408511 -4.401089 0.000030 5_
2.015305 48.992023 48.996965 0.009454 0.008582 2.375364 0.000059 0.001315 0.001650 -0.000234 19.883033 10.007194 9.996644 -0.016064 -0.003322 0.014167 0.001022 -0.000874 0.949699 0.000031 0.002139 0.002726 20.203679 18.512068 0.001236 0.000229 29.870570 19.881078 0.000707 5.639091 0.034239 0.000267 0.390498 -0.000041 5.057190 -1.404570 -4.401095 0.000036 5_
1.992815 49.003219 48.997920 -0.000638 -0.007031 2.376170 -0.000021 0.003251 0.001648 0.001792 19.814785 10.002012 9.993981 -0.002994 -0.013603 -0.002833 -0.000850 -0.001347 0.948126 0.003383 -0.005036 -0.002883 20.012842 18.717368 -0.000200 0.000008 29.971565 20.185187 0.008297 5.234211 0.008997 0.000241 0.390533 0.000033 5.248371 -1.400906 -4.401096 0.000038 5_
2.021190 49.007040 49.010403 -0.012540 0.002884 2.377521 0.000248 0.002350 0.001647 -0.000878 20.230495 9.992179 9.993436 0.000912 -0.000230 -0.008973 -0.001733 -0.000114 0.948391 0.000740 0.002521 -0.000509 19.872710 20.219497 0.000867 0.000473 29.880090 20.010593 -0.016762 5.198371 0.014238 0.000239 0.390588 -0.000023 5.439539 -1.396370 -4.401082 0.000035 5_
2.025173 48.982365 48.990229 -0.023679 -0.001358 2.375411 0.000079 0.002402 0.001654 -0.000600 20.225022 9.991870 10.001409 -0.005957 -0.006404 0.008133 -0.000253 0.000087 0.948520 0.004837 -0.000806 -0.001232 20.198601 19.785293 -0.001015 0.001550 30.163055 20.047379 0.017138 4.674966 0.027178 0.000274 0.390531 0.000026 5.630716 -1.392596 -4.401093 0.000024 5_
2.006117 49.008891 49.000858 0.000036 0.021093 2.375230 0.000336 0.000719 0.001652 0.004433 19.987878 10.015349 10.006800 0.017743 0.010950 -0.001088 -0.001055 -0.000273 0.948516 0.000548 -0.000584 -0.002705 20.210838 18.612883 0.000136 -0.001052 30.070793 19.531281 -0.019177 4.444159 0.011678 0.000266 0.390592 0.000107 5.821884 -1.389609 -4.401098 0.000027 5_
2.005777 48.999462 48.997874 0.017432 0.001720 2.376597 0.000429 -0.003155 0.001651 0.000893 20.058066 10.001746 10.004764 -0.011000 -0.001187 0.007396 0.000368 0.000386 0.948533 0.003759 -0.003106 0.002569 19.789097 20.388740 -0.001847 0.001279 29.950466 20.184514 0.013294 4.026141 -0.002245 0.000200 0.390553 0.000047 6.013054 -1.385194 -4.401089 0.000020 5_
2.014291 49.001773 48.989178 -0.003191 -0.005894 2.376744 -0.000038 0.007240 0.001651 0.002474 19.906682 10.013123 10.016330 -0.010685 0.008147 0.005737 0.000335 -0.002243 0.948208 -0.005197 -0.003939 -0.000710 19.976160 17.533834 0.000979 0.001321 29.984880 19.953915 0.033419 4.105159 -0.005705 0.000189 0.390567 0.000048 6.204236 -1.380694 -4.401079 0.000028 5_
1.993214 48.990399 49.025869 0.005077 -0.011615 2.375278 -0.000053 0.002903 0.001650 0.000097 20.061742 9.987884 10.003072 0.004597 0.016934 -0.009585 -0.000817 -0.001270 0.948514 -0.000528 0.004033 -0.001098 19.887460 22.369960 0.000468 0.000624 29.877157 19.870240 0.022692 3.638810 0.013834 0.000210 0.390634 -0.000056 6.395400 -1.376297 -4.401093 0.000037 5_
1.984963 48.992342 48.986210 0.014471 0.011984 2.376730 0.000203 0.000225 0.001650 0.002173 19.929742 10.009707 9.984808 0.011506 -0.018809 0.007829 -0.000441 -0.001309 0.948837 0.001229 0.000861 -0.002847 20.127736 20.595022 0.001706 -0.000944 29.924432 19.918036 -0.020632 3.516117 0.016422 0.000178 0.390557 0.000004 6.586580 -1.373592 -4.401093 0.000029 5_
2.004793 49.001540 48.997370 0.002300 0.012607 2.374400 -0.000186 0.005238 0.001648 -0.000525 19.957836 10.014698 10.000659 -0.001834 0.007484 0.001971 -0.000784 -0.000773 0.948038 0.002996 0.000065 0.002422 20.408722 19.770904 0.000040 -0.000495 29.907141 20.230723 0.012273 3.418810 0.048867 0.000139 0.390605 0.000040 6.777745 -1.369282 -4.401096 0.000026 5_
2.006239 48.991034 48.994681 0.011468 -0.006840 2.375469 -0.000221 0.000384 0.001650 0.004288 20.200167 9.998688 10.010229 0.000653 0.003510 0.001741 -0.001018 0.001597 0.948090 -0.001207 0.001872 0.000594 19.834155 19.732259 -0.001315 0.000087 29.956630 20.123613 0.008886 2.924264 -0.010808 0.000109 0.390558 0.000078 6.968920 -1.365215 -4.401091 0.000038 5_
1.993990 48.995286 48.988595 0.016401 -0.002032 2.377306 -0.000031 0.001880 0.001650 0.002489 19.980154 9.990632 9.980329 -0.006637 -0.000728 -0.017386 0.000159 -0.001815 0.948782 0.000892 0.005277 -0.002821 19.646213 19.985744 -0.000551 0.000897 29.998115 19.811751 -0.003205 2.744636 0.014901 0.000264 0.390577 -0.000029 7.160099 -1.360184 -4.401084 0.000034 5_
1.999498 48.995839 49.007284 0.008900 -0.006386 2.376981 0.000174 0.001282 0.001649 -0.001363 20.428622 10.000666 10.000146 0.008017 0.002156 0.014576 0.000866 -0.000034 0.948937 0.001867 -0.003047 0.001847 20.335652 19.926467 0.000734 -0.000629 29.820694 19.829371 0.014130 2.463713 -0.022006 0.000162 0.390599 0.000082 7.351271 -1.356204 -4.401083 0.000040 5_
2.020424 49.002554 48.999393 -0.006007 0.008792 2.378076 0.000345 -0.001304 0.001650 -0.000399 19.937370 9.996625 9.989085 -0.011485 0.001035 -0.011477 0.001252 -0.000849 0.948066 -0.000334 -0.000903 0.001938 20.126793 20.671176 0.000391 0.000402 30.067924 20.080528 0.003640 2.407449 -0.008587 0.000251 0.390447 -0.000029 7.542439 -1.352153 -4.401085 0.000029 5_
1.995587 48.988167 49.000398 -0.002298 -0.006440 2.376398 0.000198 0.004081 0.001650 -0.003710 20.023350 10.008028 9.990294 -0.013386 -0.013930 -0.001454 0.000915 -0.000220 0.948438 0.000442 0.001515 0.002310 20.218015 19.550741 0.000435 0.000045 30.012613 20.111754 -0.010713 2.393662 -0.003067 0.000263 0.390549 0.000018 7.733618 -1.347883 -4.401085 0.000029 5_
2.008319 49.004215 48.998572 0.013036 0.001818 2.377419 -0.000201 0.000537 0.001651 -0.000409 19.901852 10.005741 9.992596 -0.007398 0.010855 -0.002062 0.000629 -0.000672 0.948449 0.003302 0.000602 -0.003002 20.035606 18.487603 0.001170 0.000484 30.106683 19.964668 -0.014435 2.116010 0.000180 0.000287 0.390563 0.000102 7.924776 -1.343682 -4.401093 0.000030 5_
1.989285 48.997239 48.986606 0.008174 -0.001972 2.374493 -0.000010 0.002553 0.001651 0.002455 20.100120 10.009964 9.997593 -0.007717 0.011496 -0.003017 0.000300 0.000235 0.948680 0.003074 -0.001808 -0.002426 20.226207 19.962642 -0.000046 0.001237 30.179640 20.287284 0.026742 2.128528 0.003578 0.000214 0.390477 0.000001 8.115966 -1.339547 -4.401085 0.000033 5_
2.002896 49.002455 48.977308 -0.018998 0.004431 2.377580 -0.000127 0.002249 0.001647 -0.005952 20.196111 10.014950 9.981307 0.004603 -0.009819 0.003847 -0.001175 0.000299 0.948620 0.002117 -0.002284 -0.007963 20.101431 21.944455 0.001468 -0.001412 30.001556 19.810741 0.051040 2.192301 0.035148 0.000276 0.390548 0.000001 8.307141 -1.335668 -4.401091 0.000032 5_
1.983441 48.982415 48.980912 0.001147 0.011131 2.373535 0.000112 0.000733 0.001650 0.000913 19.993015 10.005356 9.999263 0.006509 0.012791 0.007649 -0.001715 0.000499 0.948519 0.002459 -0.001592 0.002136 19.921529 19.702537 0.000422 0.001349 29.903613 19.772536 0.019799 1.758898 0.026689 0.000233 0.390530 0.000013 8.498312 -1.330536 -4.401084 0.000017 5_
2.000153 48.982136 48.982387 0.000514 -0.006485 2.376953 0.000136 -0.002108 0.001650 -0.003678 20.052497 10.005522 9.994754 -0.014763 -0.002316 -0.001596 0.000565 0.001436 0.948127 0.002349 0.001971 0.001120 19.887108 20.728036 0.000698 -0.000470 30.104002 20.115032 -0.006050 1.615561 -0.004403 0.000280 0.390566 -0.000030 8.689486 -1.327240 -4.401092 0.000029 5_
1.988111 49.006436 49.011438 -0.016305 -0.009320 2.376781 -0.000182 -0.000439 0.001650 -0.001825 19.953214 10.003362 10.021183 -0.011327 0.008261 -0.011463 0.001095 -0.001198 0.947960 -0.002428 0.000936 0.001889 19.619389 20.257782 -0.001130 -0.001537 30.095078 19.867357 -0.010547 1.829722 -0.001841 0.000251 0.390524 -0.000034 8.880660 -1.323055 -4.401084 0.000036 5_
1.997076 49.011866 49.003569 0.008289 0.003584 2.376957 -0.000392 0.002063 0.001653 -0.000099 20.042966 9.989735 10.007902 0.013249 0.011195 0.002094 -0.001275 0.000060 0.948666 0.002739 0.000981 -0.001174 19.841642 18.723703 -0.000854 0.000911 29.678881 20.170574 -0.027686 1.413755 0.037015 0.000267 0.390481 -0.000017 9.071833 -1.318576 -4.401092 0.000030 5_
1.996604 48.977504 48.985845 0.004592 0.014808 2.376164 0.000333 0.004320 0.001654 0.003543 19.863939 10.000567 10.009181 0.001018 -0.007367 -0.007796 -0.000608 -0.000335 0.947660 0.001465 -0.000378 -0.001594 20.208028 21.055713 -0.001558 -0.000106 30.023228 19.775148 0.006351 1.258236 0.001757 0.000192 0.390570 -0.000030 9.263006 -1.314277 -4.401087 0.000024 5_
2.013307 48.986783 49.010951 0.008140 -0.001392 2.377104 -0.000162 0.001523 0.001649 0.000491 20.106082 9.992025 10.005368 0.000958 -0.000857 0.007660 -0.000247 -0.001637 0.948845 0.000866 -0.001874 0.000978 20.082284 19.421299 0.001316 -0.001344 30.061452 19.999549 -0.003544 1.453403 -0.021486 0.000292 0.390570 -0.000027 9.454168 -1.309614 -4.401094 0.000031 5_
2.005872 49.001297 49.000828 0.005505 0.011648 2.377245 -0.000125 -0.000139 0.001654 0.001518 19.866972 9.995518 10.009235 -0.007852 0.008261 -0.004462 0.000113 0.001016 0.948631 0.000121 -0.001845 -0.000074 19.885971 20.074389 -0.001373 0.001372 30.091460 20.129250 -0.012853 1.086800 -0.006158 0.000223 0.390603 0.000018 9.645357 -1.305951 -4.401092 0.000030 5_
1.981381 49.001217 48.985046 0.004889 -0.007836 2.374975 -0.000111 -0.000758 0.001650 0.000671 19.889294 9.992802 9.989522 -0.028760 0.002857 0.005861 0.000923 -0.000468 0.948533 -0.001606 -0.000867 0.000923 19.848656 20.066869 0.001123 0.001190 29.906522 19.911158 0.010987 1.298707 0.023827 0.000260 0.390502 -0.000048 9.836525 -1.302108 -4.401087 0.000033 5_
1.994401 48.995862 49.004802 -0.014622 0.000308 2.377543 -0.000077 0.001466 0.001648 -0.001749 19.896263 9.994394 9.988954 -0.013793 -0.008038 0.008196 -0.000442 -0.000450 0.948408 -0.001917 0.000766 -0.000045 19.847202 20.225786 0.000607 0.000768 29.985008 20.071479 -0.012927 1.073174 0.026312 0.000172 0.390507 -0.000061 10.027697 -1.297247 -4.401096 0.000028 5_
1.993057 49.016352 48.993271 0.013310 -0.003923 2.376434 -0.000112 0.002721 0.001650 -0.000731 20.432401 9.985523 9.993987 -0.005868 0.014861 -0.005710 -0.000464 0.000365 0.948403 0.000132 -0.001065 -0.001532 20.027181 19.744303 0.001211 0.001671 29.948783 19.995475 0.018190 0.997426 0.017607 0.000265 0.390543 0.000001 10.218872 -1.293185 -4.401095 0.000033 5_
2.007249 49.002525 49.001624 0.003385 0.007567 2.375370 0.000203 0.004134 0.001653 0.001506 19.929070 10.009264 10.003388 -0.010741 0.010070 0.010003 0.000832 0.001398 0.948738 -0.002890 0.004092 -0.002203 20.229773 18.314982 -0.000110 0.000191 30.039858 19.968126 0.022116 0.941837 0.011803 0.000177 0.390532 0.000054 10.410051 -1.289498 -4.401095 0.000033 5_
2.000085 48.987844 49.004571 0.001162 0.000951 2.377769 0.000037 0.000251 0.001654 -0.001741 19.934136 10.012946 10.014610 -0.008233 -0.000208 -0.012286 0.000950 -0.000175 0.947721 -0.005563 -0.000646 -0.000507 20.114362 19.903395 0.000052 0.000818 30.393806 19.856038 -0.002253 1.076534 -0.026132 0.000157 0.390485 -0.000021 10.601226 -1.285038 -4.401092 0.000032 5_
2.020450 49.002440 48.987296 0.005716 -0.000812 2.376588 -0.000264 0.005490 0.001650 -0.000780 19.977284 9.997706 10.019257 -0.012294 0.012766 -0.002226 -0.000953 0.000061 0.947955 -0.000517 -0.000163 -0.000921 19.950971 21.636859 0.000402 -0.000526 29.994784 20.151406 -0.018146 0.787438 -0.016274 0.000295 0.390580 0.000012 10.792398 -1.280964 -4.401091 0.000026 5_
1.998286 48.991404 49.031272 -0.002836 -0.003795 2.375806 -0.000109 0.002335 0.001650 0.002580 20.184805 10.015833 10.008973 0.006870 0.014341 0.009018 -0.000656 -0.000687 0.947973 0.000444 -0.000017 0.001822 19.971549 21.857804 -0.000715 -0.000379 30.058971 20.143680 -0.037804 0.644398 0.018570 0.000220 0.390584 0.000084 10.983566 -1.276424 -4.401095 0.000032 5_
2.000110 48.993725 49.003802 0.019293 -0.001544 2.376425 -0.000020 -0.000727 0.001651 -0.002013 20.061666 10.002496 9.994293 0.005738 -0.004592 0.004880 0.000970 0.001208 0.948052 0.001723 0.000395 -0.001808 19.919832 20.194040 -0.001407 -0.001603 30.007843 19.954742 -0.003089 0.786503 0.012216 0.000290 0.390525 0.000011 11.174737 -1.271879 -4.401090 0.000033 5_
1.987285 48.997403 48.992921 0.009811 0.004947 2.375659 -0.000074 0.001795 0.001653 0.000062 20.040326 10.007457 9.993911 0.011549 0.016642 -0.001968 -0.000462 0.000398 0.948473 0.001759 -0.001888 0.000974 20.117366 20.215328 0.000569 -0.002102 29.980294 19.908374 0.000798 0.566807 0.014587 0.000220 0.390583 0.000011 11.365906 -1.268316 -4.401094 0.000027 5_
2.003310 49.024972 49.009672 0.012978 -0.005690 2.376955 0.000035 -0.000028 0.001652 -0.000395 19.876643 10.021760 10.004800 -0.006541 0.008002 0.006107 -0.001947 0.000720 0.948860 0.002415 0.000968 -0.000506 20.034434 20.595641 0.000834 0.000959 29.780485 19.958119 -0.007984 0.570876 0.002008 0.000251 0.390545 0.000009 11.557091 -1.263513 -4.401101 0.000035 5_
2.025216 48.995262 48.988169 0.012290 -0.007444 2.375811 0.000017 0.002364 0.001647 -0.000298 19.993811 9.991804 9.987811 0.002033 0.003554 -0.011966 -0.001008 0.000768 0.948086 -0.000344 0.001367 0.001145 20.164758 21.063751 -0.001092 0.000378 30.184369 20.031508 0.026027 0.515385 -0.001130 0.000315 0.390558 -0.000025 11.748267 -1.259471 -4.401096 0.000035 5_
2.002722 48.997505 48.987351 -0.001553 0.018717 2.376816 0.000273 0.003582 0.001649 -0.000566 20.118613 10.000477 10.020052 0.006229 -0.003096 -0.009702 0.000840 0.000584 0.947782 0.003053 -0.001101 -0.000456 20.216426 21.167028 -0.000473 -0.000918 30.184922 19.896548 0.022143 0.508617 0.018114 0.000286 0.390645 0.000009 11.939428 -1.254210 -4.401092 0.000033 5_
2.012656 48.997884 48.996611 0.006796 0.012349 2.376710 0.000361 0.002531 0.001655 -0.004892 20.159155 9.997472 9.996290 -0.010327 -0.007100 0.002063 0.000746 0.001650 0.948494 0.004281 0.002022 -0.000445 20.109074 21.242116 -0.001095 -0.001227 30.005231 19.880188 -0.005423 0.771107 0.003864 0.000229 0.390644 -0.000000 12.130607 -1.249471 -4.401090 0.000029 5_
