#
# 1. Title: CSTR Simulator output
#
# 2. Source:
#      CSTR Simulator
#
# 3. Number of Instances: See the file used to configure the simulator
#
# 4. Number of Attributes: 18 numeric and the class
#
# 5. Attribute Information:
#    1. Feed concentration
#    2. Feed flowrate
#    3. Feed temperature
#    4. Reactor level
#    5. Product A concentration
#    6. Product B concentration
#    7. Reactor temperature
#    8. Coolant flowrate
#    9. Product flowrate
#    10. Coolant inlet temperature
#    11. Coolant inlet pressure
#    12. Level controller output
#    13. Coolant controller output
#    14. Coolant setpoint
#    15. Inventory
#    16. Mol balance
#    17. Cooling water head loss
#    18. Effluent head loss
#    19. Class
#
# 6. Missing Attribute Values: None
#
#
#
18
20.268703 0.249767 30.003274 1.988728 2.860340 16.967270 80.098196 0.906858 0.249995 20.198213 10.000447 0.101629 0.609812 0.906534 -0.000010 -0.146961 -0.000003 0.000011 1
20.076618 0.250163 30.212167 2.005811 2.838312 17.121692 79.952739 0.906576 0.249997 19.835977 10.007947 0.101739 0.609840 0.906484 -0.000061 -0.154326 -0.000002 0.000006 1
20.140090 0.249958 29.917421 1.988050 2.801422 17.016451 80.163482 0.906605 0.250001 20.169748 10.002867 0.101647 0.609901 0.906559 -0.000116 -0.161212 -0.000002 -0.000001 1
20.076053 0.249833 29.948490 1.986069 2.851929 17.304666 80.102827 0.906915 0.249999 20.176709 10.014108 0.101631 0.609851 0.906537 -0.000156 -0.167502 0.000003 -0.000003 1
19.850858 0.250087 30.001843 2.002074 2.827344 17.190421 80.124358 0.906432 0.249998 20.066295 10.003058 0.101688 0.609870 0.906548 -0.000207 -0.173514 -0.000017 0.000009 1
20.074143 0.249860 29.777222 2.009056 2.830309 17.000369 79.874038 0.906287 0.250002 19.578912 10.004118 0.101565 0.609824 0.906524 -0.000263 -0.180525 -0.000004 0.000015 1
20.128400 0.249938 29.805239 1.992938 2.830168 17.547020 80.156802 0.906437 0.249998 20.052319 10.005961 0.101646 0.609812 0.906395 -0.000306 -0.187052 -0.000000 0.000005 1
20.202826 0.250088 29.916754 1.998503 2.813431 17.160609 80.115591 0.906929 0.249999 19.751586 10.029108 0.101644 0.609805 0.906556 -0.000354 -0.194043 -0.000003 0.000008 1
20.053046 0.250190 30.134356 1.997552 2.836875 17.180358 80.269620 0.906313 0.250000 20.183465 9.993957 0.101693 0.609797 0.906505 -0.000400 -0.200940 0.000001 0.000002 1
19.969518 0.250022 30.154482 1.995295 2.835475 17.089765 79.915601 0.906314 0.249998 20.215018 9.990860 0.101752 0.609770 0.906577 -0.000463 -0.207444 -0.000000 0.000005 1
19.797159 0.250117 29.841266 1.979733 2.852440 17.354155 79.787713 0.906192 0.249999 19.882790 10.019271 0.101758 0.609806 0.906568 -0.000504 -0.214000 -0.000005 -0.000008 1
19.759564 0.250206 29.944227 1.989496 2.837970 16.737618 80.075722 0.906878 0.250001 19.811986 9.986579 0.101639 0.609878 0.906503 -0.000560 -0.220602 -0.000006 0.000010 1
19.909035 0.250122 29.734211 1.993649 2.799388 17.496139 80.232672 0.906579 0.249999 19.888443 10.010988 0.101642 0.609834 0.906550 -0.000605 -0.227961 -0.000002 0.000008 1
20.062441 0.249773 29.796310 2.014700 2.836581 17.166008 79.963873 0.906463 0.250000 20.261555 10.000294 0.101588 0.609798 0.906581 -0.000647 -0.234699 -0.000009 0.000006 1
20.060034 0.249682 29.990017 2.013332 2.805626 17.109419 79.916017 0.906459 0.249999 19.937650 10.010603 0.101790 0.609898 0.906573 -0.000703 -0.241442 -0.000005 0.000011 1
19.878050 0.249848 30.134515 1.999267 2.864881 17.059661 79.822784 0.907234 0.249999 20.057571 9.996125 0.101682 0.609969 0.906464 -0.000748 -0.249160 0.000005 0.000006 1
19.860692 0.250108 30.055107 1.993526 2.840255 16.785440 79.867334 0.906559 0.250000 20.262465 9.994945 0.101637 0.609823 0.906532 -0.000806 -0.255158 -0.000003 0.000004 1
20.105478 0.249968 30.002491 1.996230 2.802570 17.213866 80.093889 0.906567 0.249999 20.198023 9.991487 0.101678 0.609809 0.906423 -0.000852 -0.260722 -0.000003 -0.000002 1
20.166033 0.250055 30.173901 1.999485 2.795503 17.148784 80.157956 0.907137 0.249999 19.777574 9.988716 0.101642 0.609824 0.906548 -0.000899 -0.268619 0.000008 0.000000 1
20.066906 0.249391 30.016919 1.990976 2.816207 16.877924 79.767609 0.906152 0.250001 19.907731 9.991511 0.101674 0.609914 0.906530 -0.000949 -0.275254 -0.000003 0.000009 1
19.973404 0.250346 30.194159 1.993771 2.858337 17.301260 79.792788 0.906329 0.249998 20.074930 9.995070 0.101730 0.609776 0.906560 -0.000995 -0.282537 -0.000000 0.000012 1
19.875948 0.250038 29.804692 1.978493 2.802132 17.104336 79.829370 0.906870 0.250001 19.688131 10.016060 0.101595 0.609844 0.906514 -0.001050 -0.289275 -0.000005 0.000007 1
20.248363 0.250082 29.977332 1.999071 2.854672 16.953693 79.940312 0.906627 0.249997 19.939347 10.007271 0.101676 0.609946 0.906547 -0.001098 -0.295126 -0.000005 0.000005 1
20.091399 0.250010 30.137671 1.984948 2.780889 17.146232 80.188216 0.905968 0.249995 20.176511 10.003769 0.101639 0.609866 0.906595 -0.001141 -0.302845 -0.000007 -0.000000 1
20.065156 0.250313 29.982882 2.003914 2.811695 17.095637 80.289629 0.906879 0.250003 20.206751 10.009755 0.101762 0.609893 0.906563 -0.001199 -0.309123 -0.000005 0.000007 1
19.929062 0.250082 29.753988 2.014112 2.824368 17.373406 80.165826 0.906869 0.250000 20.065705 10.007161 0.101637 0.609812 0.906632 -0.001245 -0.315573 -0.000000 0.000010 1
19.985377 0.249949 29.902203 2.009592 2.831407 16.984937 79.973231 0.906299 0.250000 20.064685 10.003136 0.101752 0.609823 0.906594 -0.001289 -0.322687 -0.000013 0.000004 1
20.021876 0.249969 30.014158 1.998088 2.814004 17.515239 80.121644 0.906808 0.250002 19.886380 10.005744 0.101584 0.609869 0.906511 -0.001344 -0.330174 -0.000004 0.000003 1
19.781175 0.249787 29.656317 1.994439 2.821757 17.127911 79.867851 0.906006 0.250000 20.250856 10.004033 0.101623 0.609828 0.906643 -0.001392 -0.336982 -0.000002 0.000008 1
20.157374 0.250053 30.129929 1.991970 2.836245 16.968743 80.059693 0.906994 0.249997 19.951800 10.004040 0.101604 0.609841 0.906465 -0.001439 -0.344010 0.000004 0.000004 1
20.129559 0.249825 30.224553 2.003008 2.804020 17.349599 79.954395 0.906118 0.249996 20.093103 9.990438 0.101616 0.609917 0.906608 -0.001489 -0.351340 0.000001 0.000001 1
20.055927 0.249765 29.810586 2.008317 2.785446 16.979839 80.144798 0.906421 0.249997 20.029075 9.996353 0.101610 0.609751 0.906521 -0.001532 -0.356977 -0.000008 0.000008 1
20.079597 0.249844 30.155693 1.998544 2.824246 17.055171 79.961624 0.906566 0.249999 19.959125 9.976646 0.101707 0.609864 0.906561 -0.001592 -0.363115 0.000003 0.000001 1
20.079830 0.250237 29.942691 2.000889 2.826917 16.984007 79.834357 0.906372 0.249998 20.019213 9.991967 0.101699 0.609875 0.906610 -0.001622 -0.369783 0.000003 0.000008 1
20.054243 0.249907 30.100903 1.995431 2.801729 17.233395 79.968704 0.906211 0.249998 19.994528 10.012614 0.101662 0.609845 0.906586 -0.001685 -0.376638 -0.000003 0.000009 1
19.917049 0.249855 30.079212 1.990498 2.846298 17.181166 79.853785 0.906122 0.249998 20.137608 10.005074 0.101652 0.609816 0.906583 -0.001733 -0.383636 -0.000003 0.000009 1
20.053441 0.249900 29.814469 1.998348 2.814518 17.256369 80.252818 0.906524 0.249998 19.826490 10.003582 0.101621 0.609826 0.906534 -0.001781 -0.390542 -0.000001 0.000009 1
19.967699 0.250066 30.017591 2.016627 2.838219 17.185441 80.132660 0.906405 0.249996 20.315699 10.002112 0.101664 0.609816 0.906530 -0.001832 -0.396590 -0.000006 0.000000 1
19.956657 0.249848 29.898367 1.993942 2.811578 17.267652 79.729434 0.906768 0.250000 20.188263 9.994705 0.101715 0.609866 0.906540 -0.001882 -0.403843 0.000000 -0.000006 1
20.123578 0.249900 30.264329 1.984040 2.822032 17.386656 79.812923 0.906877 0.249998 19.694396 9.993167 0.101658 0.609922 0.906499 -0.001930 -0.411077 -0.000010 0.000001 1
19.944117 0.249969 29.719117 2.004110 2.398633 17.415059 88.464332 0.978381 0.253940 20.273759 10.001346 0.117340 1.000053 1.000036 0.350318 -0.452284 -0.032490 -0.000000 5_
20.100124 0.249911 29.934655 2.007723 1.821053 17.623866 102.319482 0.978517 0.253943 20.088830 9.998502 0.117230 0.999991 1.000038 0.744456 -0.667617 -0.032498 0.000010 5_
20.208780 0.250335 29.706768 1.998608 1.315408 18.464014 119.281908 0.978723 0.253938 19.683247 9.997680 0.117335 0.999916 0.999973 1.138628 -1.149516 -0.032493 0.000004 5_
19.983454 -0.000150 29.878963 2.006510 0.039710 19.033411 24.149821 0.948618 0.001651 19.879450 9.992979 0.000218 0.390518 -0.000019 1.424889 -1.472551 -4.401092 0.000025 5_
19.991421 0.000342 29.899467 2.003652 0.008736 18.004123 19.985116 0.948840 0.001653 19.847426 10.000770 0.000231 0.390627 0.000009 1.616073 -1.469545 -4.401081 0.000035 5_
20.023802 -0.000213 30.069078 1.995873 -0.008353 16.603634 20.073823 0.948375 0.001649 20.050807 9.990896 0.000218 0.390571 -0.000022 1.807247 -1.465867 -4.401086 0.000020 5_
19.827118 -0.000294 30.048259 2.000436 0.006620 15.638786 20.090283 0.948415 0.001649 19.829838 10.013133 0.000253 0.390584 -0.000012 1.998415 -1.462862 -4.401090 0.000027 5_
20.096441 -0.000213 30.057935 1.990550 -0.009184 15.026015 20.158545 0.948255 0.001654 19.873646 10.009662 0.000218 0.390552 -0.000038 2.189580 -1.459666 -4.401092 0.000029 5_
19.795725 -0.000271 29.864616 2.001945 -0.000986 13.999402 19.974137 0.948301 0.001652 19.806783 10.007083 0.000210 0.390480 0.000025 2.380768 -1.456458 -4.401086 0.000034 5_
19.840891 0.000049 29.930876 1.998638 -0.023816 13.290918 20.045109 0.948469 0.001650 19.873671 9.998370 0.000192 0.390514 0.000042 2.571944 -1.452400 -4.401100 0.000031 5_
20.115600 0.000184 29.814063 2.005796 0.032114 12.369073 20.068347 0.948609 0.001651 19.895385 9.993101 0.000329 0.390538 -0.000013 2.763113 -1.451014 -4.401091 0.000033 5_
19.993815 0.000026 30.057261 2.002147 0.018985 11.760917 19.962944 0.948361 0.001652 20.102997 9.987334 0.000294 0.390629 0.000020 2.954278 -1.446019 -4.401089 0.000026 5_
20.026297 -0.000081 29.840857 2.010965 0.021712 11.025139 20.038483 0.948785 0.001649 19.812648 10.003340 0.000266 0.390538 0.000053 3.145453 -1.442843 -4.401090 0.000029 5_
19.753103 -0.000383 29.814554 2.000134 -0.003136 10.328226 19.856139 0.948766 0.001650 20.202208 9.996610 0.000254 0.390560 -0.000034 3.336634 -1.439163 -4.401097 0.000029 5_
19.987037 -0.000009 29.908913 1.985850 0.006539 9.397140 19.845912 0.947990 0.001652 19.610921 10.001794 0.000222 0.390642 -0.000035 3.527803 -1.435542 -4.401091 0.000035 5_
19.928745 0.000057 29.821819 1.998749 0.017920 8.893067 19.948259 0.948010 0.001649 19.850056 9.998024 0.000134 0.390510 0.000019 3.718984 -1.431957 -4.401084 0.000022 5_
19.705207 0.000133 30.082296 2.004185 -0.002763 8.634714 19.798784 0.947982 0.001648 19.781681 10.012815 0.000229 0.390587 -0.000015 3.910143 -1.427851 -4.401087 0.000034 5_
19.877307 -0.000133 30.012221 2.001483 -0.010172 7.834685 20.284857 0.948268 0.001651 20.134986 9.994657 0.000183 0.390618 -0.000041 4.101327 -1.424773 -4.401088 0.000027 5_
19.938498 -0.000025 30.003093 2.005358 0.020627 7.245777 19.956865 0.948897 0.001652 20.049483 10.013599 0.000249 0.390605 0.000025 4.292492 -1.420769 -4.401093 0.000025 5_
19.974378 -0.000220 30.071253 2.009948 -0.016152 7.073307 20.019949 0.948408 0.001645 20.179103 10.003112 0.000261 0.390547 0.000012 4.483674 -1.416475 -4.401090 0.000027 5_
19.604099 0.000136 29.837749 1.997738 0.001053 6.293453 19.894279 0.948605 0.001650 20.077233 9.998782 0.000193 0.390654 -0.000092 4.674841 -1.413217 -4.401096 0.000030 5_
19.983806 0.000169 30.136061 2.007951 -0.014857 6.048481 20.029537 0.948279 0.001654 19.961100 9.999129 0.000267 0.390535 0.000043 4.866020 -1.408511 -4.401089 0.000030 5_
19.881078 0.000059 29.870570 2.015305 0.000707 5.639091 19.883033 0.949699 0.001650 20.203679 10.007194 0.000267 0.390498 -0.000041 5.057190 -1.404570 -4.401095 0.000036 5_
20.185187 -0.000021 29.971565 1.992815 0.008297 5.234211 19.814785 0.948126 0.001648 20.012842 10.002012 0.000241 0.390533 0.000033 5.248371 -1.400906 -4.401096 0.000038 5_
20.010593 0.000248 29.880090 2.021190 -0.016762 5.198371 20.230495 0.948391 0.001647 19.872710 9.992179 0.000239 0.390588 -0.000023 5.439539 -1.396370 -4.401082 0.000035 5_
20.047379 0.000079 30.163055 2.025173 0.017138 4.674966 20.225022 0.948520 0.001654 20.198601 9.991870 0.000274 0.390531 0.000026 5.630716 -1.392596 -4.401093 0.000024 5_
19.531281 0.000336 30.070793 2.006117 -0.019177 4.444159 19.987878 0.948516 0.001652 20.210838 10.015349 0.000266 0.390592 0.000107 5.821884 -1.389609 -4.401098 0.000027 5_
20.184514 0.000429 29.950466 2.005777 0.013294 4.026141 20.058066 0.948533 0.001651 19.789097 10.001746 0.000200 0.390553 0.000047 6.013054 -1.385194 -4.401089 0.000020 5_
19.953915 -0.000038 29.984880 2.014291 0.033419 4.105159 19.906682 0.948208 0.001651 19.976160 10.013123 0.000189 0.390567 0.000048 6.204236 -1.380694 -4.401079 0.000028 5_
19.870240 -0.000053 29.877157 1.993214 0.022692 3.638810 20.061742 0.948514 0.001650 19.887460 9.987884 0.000210 0.390634 -0.000056 6.395400 -1.376297 -4.401093 0.000037 5_
19.918036 0.000203 29.924432 1.984963 -0.020632 3.516117 19.929742 0.948837 0.001650 20.127736 10.009707 0.000178 0.390557 0.000004 6.586580 -1.373592 -4.401093 0.000029 5_
20.230723 -0.000186 29.907141 2.004793 0.012273 3.418810 19.957836 0.948038 0.001648 20.408722 10.014698 0.000139 0.390605 0.000040 6.777745 -1.369282 -4.401096 0.000026 5_
20.123613 -0.000221 29.956630 2.006239 0.008886 2.924264 20.200167 0.948090 0.001650 19.834155 9.998688 0.000109 0.390558 0.000078 6.968920 -1.365215 -4.401091 0.000038 5_
19.811751 -0.000031 29.998115 1.993990 -0.003205 2.744636 19.980154 0.948782 0.001650 19.646213 9.990632 0.000264 0.390577 -0.000029 7.160099 -1.360184 -4.401084 0.000034 5_
19.829371 0.000174 29.820694 1.999498 0.014130 2.463713 20.428622 0.948937 0.001649 20.335652 10.000666 0.000162 0.390599 0.000082 7.351271 -1.356204 -4.401083 0.000040 5_
20.080528 0.000345 30.067924 2.020424 0.003640 2.407449 19.937370 0.948066 0.001650 20.126793 9.996625 0.000251 0.390447 -0.000029 7.542439 -1.352153 -4.401085 0.000029 5_
20.111754 0.000198 30.012613 1.995587 -0.010713 2.393662 20.023350 0.948438 0.001650 20.218015 10.008028 0.000263 0.390549 0.000018 7.733618 -1.347883 -4.401085 0.000029 5_
19.964668 -0.000201 30.106683 2.008319 -0.014435 2.116010 19.901852 0.948449 0.001651 20.035606 10.005741 0.000287 0.390563 0.000102 7.924776 -1.343682 -4.401093 0.000030 5_
20.287284 -0.000010 30.179640 1.989285 0.026742 2.128528 20.100120 0.948680 0.001651 20.226207 10.009964 0.000214 0.390477 0.000001 8.115966 -1.339547 -4.401085 0.000033 5_
19.810741 -0.000127 30.001556 2.002896 0.051040 2.192301 20.196111 0.948620 0.001647 20.101431 10.014950 0.000276 0.390548 0.000001 8.307141 -1.335668 -4.401091 0.000032 5_
19.772536 0.000112 29.903613 1.983441 0.019799 1.758898 19.993015 0.948519 0.001650 19.921529 10.005356 0.000233 0.390530 0.000013 8.498312 -1.330536 -4.401084 0.000017 5_
20.115032 0.000136 30.104002 2.000153 -0.006050 1.615561 20.052497 0.948127 0.001650 19.887108 10.005522 0.000280 0.390566 -0.000030 8.689486 -1.327240 -4.401092 0.000029 5_
19.867357 -0.000182 30.095078 1.988111 -0.010547 1.829722 19.953214 0.947960 0.001650 19.619389 10.003362 0.000251 0.390524 -0.000034 8.880660 -1.323055 -4.401084 0.000036 5_
20.170574 -0.000392 29.678881 1.997076 -0.027686 1.413755 20.042966 0.948666 0.001653 19.841642 9.989735 0.000267 0.390481 -0.000017 9.071833 -1.318576 -4.401092 0.000030 5_
19.775148 0.000333 30.023228 1.996604 0.006351 1.258236 19.863939 0.947660 0.001654 20.208028 10.000567 0.000192 0.390570 -0.000030 9.263006 -1.314277 -4.401087 0.000024 5_
19.999549 -0.000162 30.061452 2.013307 -0.003544 1.453403 20.106082 0.948845 0.001649 20.082284 9.992025 0.000292 0.390570 -0.000027 9.454168 -1.309614 -4.401094 0.000031 5_
20.129250 -0.000125 30.091460 2.005872 -0.012853 1.086800 19.866972 0.948631 0.001654 19.885971 9.995518 0.000223 0.390603 0.000018 9.645357 -1.305951 -4.401092 0.000030 5_
19.911158 -0.000111 29.906522 1.981381 0.010987 1.298707 19.889294 0.948533 0.001650 19.848656 9.992802 0.000260 0.390502 -0.000048 9.836525 -1.302108 -4.401087 0.000033 5_
20.071479 -0.000077 29.985008 1.994401 -0.012927 1.073174 19.896263 0.948408 0.001648 19.847202 9.994394 0.000172 0.390507 -0.000061 10.027697 -1.297247 -4.401096 0.000028 5_
19.995475 -0.000112 29.948783 1.993057 0.018190 0.997426 20.432401 0.948403 0.001650 20.027181 9.985523 0.000265 0.390543 0.000001 10.218872 -1.293185 -4.401095 0.000033 5_
19.968126 0.000203 30.039858 2.007249 0.022116 0.941837 19.929070 0.948738 0.001653 20.229773 10.009264 0.000177 0.390532 0.000054 10.410051 -1.289498 -4.401095 0.000033 5_
19.856038 0.000037 30.393806 2.000085 -0.002253 1.076534 19.934136 0.947721 0.001654 20.114362 10.012946 0.000157 0.390485 -0.000021 10.601226 -1.285038 -4.401092 0.000032 5_
20.151406 -0.000264 29.994784 2.020450 -0.018146 0.787438 19.977284 0.947955 0.001650 19.950971 9.997706 0.000295 0.390580 0.000012 10.792398 -1.280964 -4.401091 0.000026 5_
20.143680 -0.000109 30.058971 1.998286 -0.037804 0.644398 20.184805 0.947973 0.001650 19.971549 10.015833 0.000220 0.390584 0.000084 10.983566 -1.276424 -4.401095 0.000032 5_
19.954742 -0.000020 30.007843 2.000110 -0.003089 0.786503 20.061666 0.948052 0.001651 19.919832 10.002496 0.000290 0.390525 0.000011 11.174737 -1.271879 -4.401090 0.000033 5_
19.908374 -0.000074 29.980294 1.987285 0.000798 0.566807 20.040326 0.948473 0.001653 20.117366 10.007457 0.000220 0.390583 0.000011 11.365906 -1.268316 -4.401094 0.000027 5_
19.958119 0.000035 29.780485 2.003310 -0.007984 0.570876 19.876643 0.948860 0.001652 20.034434 10.021760 0.000251 0.390545 0.000009 11.557091 -1.263513 -4.401101 0.000035 5_
20.031508 0.000017 30.184369 2.025216 0.026027 0.515385 19.993811 0.948086 0.001647 20.164758 9.991804 0.000315 0.390558 -0.000025 11.748267 -1.259471 -4.401096 0.000035 5_
19.896548 0.000273 30.184922 2.002722 0.022143 0.508617 20.118613 0.947782 0.001649 20.216426 10.000477 0.000286 0.390645 0.000009 11.939428 -1.254210 -4.401092 0.000033 5_
19.880188 0.000361 30.005231 2.012656 -0.005423 0.771107 20.159155 0.948494 0.001655 20.109074 9.997472 0.000229 0.390644 -0.000000 12.130607 -1.249471 -4.401090 0.000029 5_
